000
000
000
000
000
000
000
000
000
000
000
000
000
000
000
000
000
000
0FC
102
14A
102
102
17A
132
102
102
0FC
000
000
000
000
000
000
0FC
1FE
1B6
1FE
1FE
186
1CE
1FE
1FE
0FC
000
000
000
000
000
000
000
000
06C
0FE
0FE
0FE
0FE
07C
038
010
000
000
000
000
000
000
000
000
010
038
07C
0FE
07C
038
010
000
000
000
000
000
000
000
000
030
078
078
1CE
1CE
1CE
030
030
078
000
000
000
000
000
000
000
030
078
0FC
1FE
1FE
0FC
030
030
078
000
000
000
000
000
000
000
000
000
000
030
078
078
030
000
000
000
000
000
000
1FE
1FE
1FE
1FE
1FE
1FE
1CE
186
186
1CE
1FE
1FE
1FE
1FE
1FE
1FE
000
000
000
000
000
078
0CC
084
084
0CC
078
000
000
000
000
000
1FE
1FE
1FE
1FE
1FE
186
132
17A
17A
132
186
1FE
1FE
1FE
1FE
1FE
000
000
0F0
0E0
0B0
098
03C
066
066
066
066
03C
000
000
000
000
000
000
078
0CC
0CC
0CC
0CC
078
030
0FC
030
030
000
000
000
000
000
000
1F8
198
1F8
018
018
018
018
01C
01E
00E
000
000
000
000
000
000
1FC
18C
1FC
18C
18C
18C
18C
1CC
1CE
0CE
006
000
000
000
000
000
000
030
030
1B6
078
1CE
078
1B6
030
030
000
000
000
000
000
002
006
00E
01E
03E
0FE
03E
01E
00E
006
002
000
000
000
000
000
080
0C0
0E0
0F0
0F8
0FE
0F8
0F0
0E0
0C0
080
000
000
000
000
000
000
030
078
0FC
030
030
030
0FC
078
030
000
000
000
000
000
000
000
0CC
0CC
0CC
0CC
0CC
0CC
0CC
000
0CC
0CC
000
000
000
000
000
000
1FC
1B6
1B6
1B6
1BC
1B0
1B0
1B0
1B0
1B0
000
000
000
000
000
07C
0C6
00C
038
06C
0C6
0C6
06C
038
060
0C6
07C
000
000
000
000
000
000
000
000
000
000
000
0FE
0FE
0FE
0FE
000
000
000
000
000
000
030
078
0FC
030
030
030
0FC
078
030
0FC
000
000
000
000
000
000
030
078
0FC
030
030
030
030
030
030
030
000
000
000
000
000
000
030
030
030
030
030
030
030
0FC
078
030
000
000
000
000
000
000
000
000
000
030
060
0FE
060
030
000
000
000
000
000
000
000
000
000
000
000
018
00C
0FE
00C
018
000
000
000
000
000
000
000
000
000
000
000
000
006
006
006
0FE
000
000
000
000
000
000
000
000
000
000
000
028
06C
0FE
06C
028
000
000
000
000
000
000
000
000
000
000
010
038
038
07C
07C
0FE
0FE
000
000
000
000
000
000
000
000
000
0FE
0FE
07C
07C
038
038
010
000
000
000
000
000
000
000
000
000
000
000
000
000
000
000
000
000
000
000
000
000
000
000
030
078
078
078
030
030
030
000
030
030
000
000
000
000
000
0CC
0CC
0CC
048
000
000
000
000
000
000
000
000
000
000
000
000
000
000
06C
06C
0FE
06C
06C
06C
0FE
06C
06C
000
000
000
000
030
030
07C
0C6
086
006
07C
0C0
0C0
0C2
0C6
07C
030
030
000
000
000
000
000
000
086
0C6
060
030
018
00C
0C6
0C2
000
000
000
000
000
000
038
06C
06C
038
0DC
076
066
066
066
0DC
000
000
000
000
000
018
018
018
00C
000
000
000
000
000
000
000
000
000
000
000
000
000
060
030
018
018
018
018
018
018
030
060
000
000
000
000
000
000
018
030
060
060
060
060
060
060
030
018
000
000
000
000
000
000
000
000
000
0CC
078
1FE
078
0CC
000
000
000
000
000
000
000
000
000
000
000
030
030
0FC
030
030
000
000
000
000
000
000
000
000
000
000
000
000
000
000
000
030
030
030
018
000
000
000
000
000
000
000
000
000
000
0FE
000
000
000
000
000
000
000
000
000
000
000
000
000
000
000
000
000
000
030
030
000
000
000
000
000
000
000
000
080
0C0
060
030
018
00C
006
002
000
000
000
000
000
000
038
06C
0C6
0C6
0D6
0D6
0C6
0C6
06C
038
000
000
000
000
000
000
030
038
03C
030
030
030
030
030
030
0FC
000
000
000
000
000
000
07C
0C6
0C0
060
030
018
00C
006
0C6
0FE
000
000
000
000
000
000
07C
0C6
0C0
0C0
078
0C0
0C0
0C0
0C6
07C
000
000
000
000
000
000
060
070
078
06C
066
0FE
060
060
060
0F0
000
000
000
000
000
000
0FE
006
006
006
07E
0C0
0C0
0C0
0C6
07C
000
000
000
000
000
000
038
00C
006
006
07E
0C6
0C6
0C6
0C6
07C
000
000
000
000
000
000
0FE
0C6
0C0
0C0
060
030
018
018
018
018
000
000
000
000
000
000
07C
0C6
0C6
0C6
07C
0C6
0C6
0C6
0C6
07C
000
000
000
000
000
000
07C
0C6
0C6
0C6
0FC
0C0
0C0
0C0
060
03C
000
000
000
000
000
000
000
000
030
030
000
000
000
030
030
000
000
000
000
000
000
000
000
000
030
030
000
000
000
030
030
018
000
000
000
000
000
000
000
0C0
060
030
018
00C
018
030
060
0C0
000
000
000
000
000
000
000
000
000
0FC
000
000
0FC
000
000
000
000
000
000
000
000
000
000
00C
018
030
060
0C0
060
030
018
00C
000
000
000
000
000
000
07C
0C6
0C6
060
030
030
030
000
030
030
000
000
000
000
000
000
000
07C
0C6
0C6
0F6
0F6
0F6
076
006
07C
000
000
000
000
000
000
010
038
06C
0C6
0C6
0FE
0C6
0C6
0C6
0C6
000
000
000
000
000
000
07E
0CC
0CC
0CC
07C
0CC
0CC
0CC
0CC
07E
000
000
000
000
000
000
078
0CC
086
006
006
006
006
086
0CC
078
000
000
000
000
000
000
03E
06C
0CC
0CC
0CC
0CC
0CC
0CC
06C
03E
000
000
000
000
000
000
0FE
0CC
08C
02C
03C
02C
00C
08C
0CC
0FE
000
000
000
000
000
000
0FE
0CC
08C
02C
03C
02C
00C
00C
00C
01E
000
000
000
000
000
000
078
0CC
086
006
006
0F6
0C6
0C6
0CC
0B8
000
000
000
000
000
000
0C6
0C6
0C6
0C6
0FE
0C6
0C6
0C6
0C6
0C6
000
000
000
000
000
000
078
030
030
030
030
030
030
030
030
078
000
000
000
000
000
000
0F0
060
060
060
060
060
066
066
066
03C
000
000
000
000
000
000
0CE
0CC
0CC
06C
03C
03C
06C
0CC
0CC
0CE
000
000
000
000
000
000
01E
00C
00C
00C
00C
00C
00C
08C
0CC
0FE
000
000
000
000
000
000
0C6
0EE
0FE
0FE
0D6
0C6
0C6
0C6
0C6
0C6
000
000
000
000
000
000
0C6
0CE
0DE
0FE
0F6
0E6
0C6
0C6
0C6
0C6
000
000
000
000
000
000
07C
0C6
0C6
0C6
0C6
0C6
0C6
0C6
0C6
07C
000
000
000
000
000
000
07E
0CC
0CC
0CC
07C
00C
00C
00C
00C
01E
000
000
000
000
000
000
07C
0C6
0C6
0C6
0C6
0C6
0C6
0D6
0F6
07C
060
0E0
000
000
000
000
07E
0CC
0CC
0CC
07C
06C
0CC
0CC
0CC
0CE
000
000
000
000
000
000
07C
0C6
0C6
00C
038
060
0C0
0C6
0C6
07C
000
000
000
000
000
000
0FC
0FC
0B4
030
030
030
030
030
030
078
000
000
000
000
000
000
0C6
0C6
0C6
0C6
0C6
0C6
0C6
0C6
0C6
07C
000
000
000
000
000
000
0C6
0C6
0C6
0C6
0C6
0C6
0C6
06C
038
010
000
000
000
000
000
000
0C6
0C6
0C6
0C6
0D6
0D6
0D6
0FE
0EE
06C
000
000
000
000
000
000
0C6
0C6
06C
07C
038
038
07C
06C
0C6
0C6
000
000
000
000
000
000
0CC
0CC
0CC
0CC
078
030
030
030
030
078
000
000
000
000
000
000
0FE
0C6
0C2
060
030
018
00C
086
0C6
0FE
000
000
000
000
000
000
078
018
018
018
018
018
018
018
018
078
000
000
000
000
000
000
000
002
006
00E
01C
038
070
0E0
0C0
080
000
000
000
000
000
000
078
060
060
060
060
060
060
060
060
078
000
000
000
000
010
038
06C
0C6
000
000
000
000
000
000
000
000
000
000
000
000
000
000
000
000
000
000
000
000
000
000
000
000
000
1FE
000
000
018
018
030
000
000
000
000
000
000
000
000
000
000
000
000
000
000
000
000
000
000
03C
060
07C
066
066
066
0DC
000
000
000
000
000
000
00E
00C
00C
03C
06C
0CC
0CC
0CC
0CC
07C
000
000
000
000
000
000
000
000
000
07C
0C6
006
006
006
0C6
07C
000
000
000
000
000
000
070
060
060
078
06C
066
066
066
066
0DC
000
000
000
000
000
000
000
000
000
07C
0C6
0FE
006
006
0C6
07C
000
000
000
000
000
000
038
06C
04C
00C
01E
00C
00C
00C
00C
01E
000
000
000
000
000
000
000
000
000
0DC
066
066
066
066
066
07C
060
066
03C
000
000
000
00E
00C
00C
06C
0DC
0CC
0CC
0CC
0CC
0CE
000
000
000
000
000
000
030
030
000
038
030
030
030
030
030
078
000
000
000
000
000
000
0C0
0C0
000
0E0
0C0
0C0
0C0
0C0
0C0
0C0
0CC
0CC
078
000
000
000
00E
00C
00C
0CC
06C
03C
03C
06C
0CC
0CE
000
000
000
000
000
000
038
030
030
030
030
030
030
030
030
078
000
000
000
000
000
000
000
000
000
06E
0FE
0D6
0D6
0D6
0D6
0C6
000
000
000
000
000
000
000
000
000
076
0CC
0CC
0CC
0CC
0CC
0CC
000
000
000
000
000
000
000
000
000
07C
0C6
0C6
0C6
0C6
0C6
07C
000
000
000
000
000
000
000
000
000
076
0CC
0CC
0CC
0CC
0CC
07C
00C
00C
01E
000
000
000
000
000
000
0DC
066
066
066
066
066
07C
060
060
0F0
000
000
000
000
000
000
076
0DC
0CC
00C
00C
00C
01E
000
000
000
000
000
000
000
000
000
07C
0C6
00C
038
060
0C6
07C
000
000
000
000
000
000
010
018
018
07E
018
018
018
018
0D8
070
000
000
000
000
000
000
000
000
000
066
066
066
066
066
066
0DC
000
000
000
000
000
000
000
000
000
0CC
0CC
0CC
0CC
0CC
078
030
000
000
000
000
000
000
000
000
000
0C6
0C6
0D6
0D6
0D6
0FE
06C
000
000
000
000
000
000
000
000
000
0C6
06C
038
038
038
06C
0C6
000
000
000
000
000
000
000
000
000
0C6
0C6
0C6
0C6
0C6
0C6
0FC
0C0
060
03E
000
000
000
000
000
000
0FE
066
030
018
00C
0C6
0FE
000
000
000
000
000
000
0E0
030
030
030
01C
030
030
030
030
0E0
000
000
000
000
000
000
030
030
030
030
000
030
030
030
030
030
000
000
000
000
000
000
01C
030
030
030
0E0
030
030
030
030
01C
000
000
000
000
000
000
0DC
076
000
000
000
000
000
000
000
000
000
000
000
000
000
000
000
000
010
038
06C
0C6
0C6
0C6
0FE
000
000
000
000
000
000
000
010
038
06C
0C6
0C6
0FE
0C6
0C6
0C6
0C6
000
000
000
000
000
000
07E
0CC
0CC
0CC
07C
0CC
0CC
0CC
0CC
07E
000
000
000
000
000
000
0FE
086
006
006
006
006
006
006
006
006
000
000
000
000
000
000
010
038
06C
0C6
0C6
0C6
0C6
0C6
0C6
0FE
000
000
000
000
000
000
0FE
0CC
08C
02C
03C
02C
00C
08C
0CC
0FE
000
000
000
000
000
000
0FE
0C6
0C2
060
030
018
00C
086
0C6
0FE
000
000
000
000
000
000
0C6
0C6
0C6
0C6
0FE
0C6
0C6
0C6
0C6
0C6
000
000
000
000
000
000
07C
0C6
0C6
0C6
0FE
0C6
0C6
0C6
0C6
07C
000
000
000
000
000
000
078
030
030
030
030
030
030
030
030
078
000
000
000
000
000
000
0CE
0CC
0CC
06C
03C
03C
06C
0CC
0CC
0CE
000
000
000
000
000
000
010
038
06C
0C6
0C6
0C6
0C6
0C6
0C6
0C6
000
000
000
000
000
000
0C6
0EE
0FE
0FE
0D6
0C6
0C6
0C6
0C6
0C6
000
000
000
000
000
000
0C6
0CE
0DE
0FE
0F6
0E6
0C6
0C6
0C6
0C6
000
000
000
000
000
000
0FE
082
000
000
07C
000
000
000
082
0FE
000
000
000
000
000
000
07C
0C6
0C6
0C6
0C6
0C6
0C6
0C6
0C6
07C
000
000
000
000
000
000
0FE
0C6
0C6
0C6
0C6
0C6
0C6
0C6
0C6
0C6
000
000
000
000
000
000
07E
0CC
0CC
0CC
07C
00C
00C
00C
00C
01E
000
000
000
000
000
000
0FE
0C6
08C
018
030
030
018
08C
0C6
0FE
000
000
000
000
000
000
0FC
0FC
0B4
030
030
030
030
030
030
078
000
000
000
000
000
000
0CC
0CC
0CC
0CC
078
030
030
030
030
078
000
000
000
000
000
000
07C
0D6
0D6
0D6
0D6
0D6
07C
010
010
07C
000
000
000
000
000
000
0C6
0C6
06C
07C
038
038
07C
06C
0C6
0C6
000
000
000
000
000
000
0D6
0D6
0D6
0D6
0D6
0D6
07C
010
010
07C
000
000
000
000
000
000
07C
0C6
0C6
0C6
0C6
0C6
0EE
06C
06C
0EE
000
000
000
000
000
000
000
000
000
0DC
066
066
066
066
066
0DC
000
000
000
000
000
000
03C
066
066
066
03E
066
066
066
066
03E
006
006
006
000
000
000
000
000
000
0C6
0C6
0C6
0C6
06C
038
06C
0C6
0C6
07C
000
000
000
07E
006
00C
018
030
07C
0C6
0C6
0C6
07C
000
000
000
000
000
000
000
000
000
0FC
006
006
07C
006
006
0FC
000
000
000
000
000
000
0FE
060
030
018
00C
006
006
006
006
07C
0C0
0C0
078
000
000
000
000
000
000
076
0CC
0CC
0CC
0CC
0CC
0CC
000
000
000
000
000
000
03C
066
060
060
07C
066
066
066
066
03C
000
000
000
000
000
000
000
000
000
030
030
030
030
030
030
0E0
000
000
000
000
000
000
000
000
000
0CE
06C
03C
03C
06C
0CC
0CE
000
000
000
000
000
000
07C
0C6
0C0
0C0
0F8
0CC
0C6
0C6
0C6
0C6
000
000
000
000
000
000
000
000
000
066
066
066
066
066
066
0DE
006
006
006
000
000
000
000
000
000
0CC
0CC
0CC
0CC
0CC
078
030
000
000
000
000
000
000
0FE
060
030
018
00C
00C
078
00C
006
07C
0C0
0C0
078
000
000
000
000
000
000
07C
0C6
0C6
0C6
0C6
0C6
07C
000
000
000
000
000
000
000
000
000
0FE
0C6
0C6
0C6
0C6
0C6
0C6
000
000
000
000
000
000
000
000
000
078
0CC
0CC
0CC
0CC
0CC
07C
00C
00C
00C
000
000
000
000
000
000
0FC
066
066
066
066
066
03C
000
000
000
000
000
000
000
000
000
07C
0C6
006
07C
0C0
0C6
07C
000
000
000
000
000
000
000
000
000
07E
018
018
018
018
0D8
070
000
000
000
000
000
000
000
000
000
0C6
0C6
0C6
0C6
0C6
0C6
07C
000
000
000
000
000
000
000
000
000
07C
006
076
0D6
0D6
0D6
07C
010
010
010
000
000
000
000
000
000
0C6
06C
038
038
038
06C
0C6
000
000
000
000
000
000
000
000
000
0D6
0D6
0D6
0D6
0D6
0D6
07C
010
010
010
000
044
110
044
110
044
110
044
110
044
110
044
110
044
110
044
110
154
0AB
154
0AB
154
0AB
154
0AB
154
0AB
154
0AB
154
0AB
154
0AB
177
1DC
177
1DC
177
1DC
177
1DC
177
1DC
177
1DC
177
1DC
177
1DC
031
031
031
031
031
031
031
031
031
031
031
031
031
031
031
031
030
030
030
030
030
030
030
03E
030
030
030
030
030
030
030
030
030
030
030
030
030
03E
030
03E
030
030
030
030
030
030
030
030
0D8
0D8
0D8
0D8
0D8
0D8
0D8
0DE
0D8
0D8
0D8
0D8
0D8
0D8
0D8
0D8
000
000
000
000
000
000
000
0FE
0D8
0D8
0D8
0D8
0D8
0D8
0D8
0D8
000
000
000
000
000
03E
030
03E
030
030
030
030
030
030
030
030
0D8
0D8
0D8
0D8
0D8
0DE
0C0
0DE
0D8
0D8
0D8
0D8
0D8
0D8
0D8
0D8
0D8
0D8
0D8
0D8
0D8
0D8
0D8
0D8
0D8
0D8
0D8
0D8
0D8
0D8
0D8
0D8
000
000
000
000
000
0FE
0C0
0DE
0D8
0D8
0D8
0D8
0D8
0D8
0D8
0D8
0D8
0D8
0D8
0D8
0D8
0DE
0C0
0FE
000
000
000
000
000
000
000
000
0D8
0D8
0D8
0D8
0D8
0D8
0D8
0FE
000
000
000
000
000
000
000
000
030
030
030
030
030
03E
030
03E
000
000
000
000
000
000
000
000
000
000
000
000
000
000
000
03E
030
030
030
030
030
030
030
030
030
030
030
030
030
030
030
1F0
000
000
000
000
000
000
000
000
030
030
030
030
030
030
030
1FF
000
000
000
000
000
000
000
000
000
000
000
000
000
000
000
1FF
030
030
030
030
030
030
030
030
030
030
030
030
030
030
030
1F1
030
030
030
030
030
030
030
030
000
000
000
000
000
000
000
1FF
000
000
000
000
000
000
000
000
030
030
030
030
030
030
030
1FF
030
030
030
030
030
030
030
030
030
030
030
030
030
1F0
030
1F1
030
030
030
030
030
030
030
030
0D8
0D8
0D8
0D8
0D8
0D9
0D8
1D9
0D8
0D8
0D8
0D8
0D8
0D8
0D8
0D8
0D8
0D8
0D8
0D8
0D8
1D8
018
1F9
000
000
000
000
000
000
000
000
000
000
000
000
000
1F9
018
1D9
0D8
0D8
0D8
0D8
0D8
0D8
0D8
0D8
0D8
0D8
0D8
0D8
0D8
1DF
000
1FF
000
000
000
000
000
000
000
000
000
000
000
000
000
1FF
000
1DF
0D8
0D8
0D8
0D8
0D8
0D8
0D8
0D8
0D8
0D8
0D8
0D8
0D8
1D9
018
1D9
0D8
0D8
0D8
0D8
0D8
0D8
0D8
0D8
000
000
000
000
000
1FF
000
1FF
000
000
000
000
000
000
000
000
0D8
0D8
0D8
0D8
0D8
1DF
000
1DF
0D8
0D8
0D8
0D8
0D8
0D8
0D8
0D8
030
030
030
030
030
1FF
000
1FF
000
000
000
000
000
000
000
000
0D8
0D8
0D8
0D8
0D8
0D9
0D8
1FF
000
000
000
000
000
000
000
000
000
000
000
000
000
1FE
000
1FF
030
030
030
030
030
030
030
030
000
000
000
000
000
001
000
1FF
0D8
0D8
0D8
0D8
0D8
0D8
0D8
0D8
0D8
0D8
0D8
0D8
0D8
0D8
0D8
1F9
000
000
000
000
000
000
000
000
030
030
030
030
030
1F0
030
1F1
000
000
000
000
000
000
000
000
000
000
000
000
000
1F1
030
1F1
030
030
030
030
030
030
030
030
000
000
000
000
000
001
000
1F9
0D8
0D8
0D8
0D8
0D8
0D8
0D8
0D8
0D8
0D8
0D8
0D8
0D8
0D8
0D8
1FF
0D8
0D8
0D8
0D8
0D8
0D8
0D8
0D8
030
030
030
030
030
1FE
030
1FF
030
030
030
030
030
030
030
030
030
030
030
030
030
031
030
03F
000
000
000
000
000
000
000
000
000
000
000
000
000
000
000
1F0
030
030
030
030
030
030
030
030
1FE
1FE
1FE
1FE
1FE
1FE
1FE
1FF
1FE
1FE
1FE
1FE
1FE
1FE
1FE
1FE
001
001
001
001
001
001
001
1FF
1FF
1FF
1FF
1FF
1FF
1FF
1FF
1FF
01E
01E
01E
01E
01E
01E
01E
01F
01F
01F
01F
01F
01F
01F
01F
01F
1E0
1E0
1E0
1E0
1E0
1E0
1E0
1E0
1E0
1E0
1E0
1E0
1E0
1E0
1E0
1E0
1FF
1FF
1FF
1FF
1FF
1FF
1FF
001
001
001
001
001
001
001
001
001
000
000
000
000
000
06C
0C6
0D6
0D6
0D6
0D6
06C
000
000
000
000
000
060
030
018
000
0DC
066
066
066
066
066
0DC
000
000
000
000
000
0C0
060
030
000
0FC
006
006
07C
006
006
0FC
000
000
000
000
000
0C0
060
030
000
076
0CC
0CC
0CC
0CC
0CC
0CC
000
000
000
000
000
000
0CC
0CC
000
030
030
030
030
030
030
0E0
000
000
000
000
000
0C0
060
030
000
030
030
030
030
030
030
0E0
000
000
000
000
000
0C0
060
030
000
07C
0C6
0C6
0C6
0C6
0C6
07C
000
000
000
000
000
0C0
060
030
000
0C6
0C6
0C6
0C6
0C6
0C6
07C
000
000
000
000
000
000
0C6
0C6
000
0C6
0C6
0C6
0C6
0C6
0C6
07C
000
000
000
000
000
0C0
060
030
000
06C
0C6
0D6
0D6
0D6
0D6
06C
000
000
000
000
00C
006
012
038
06C
0C6
0C6
0FE
0C6
0C6
0C6
0C6
000
000
000
000
00C
006
0FA
098
018
018
0F8
018
018
018
098
0F8
000
000
000
000
030
030
0D6
0C6
0C6
0C6
0FE
0C6
0C6
0C6
0C6
0C6
000
000
000
000
00C
006
07A
030
030
030
030
030
030
030
030
078
000
000
000
000
00C
006
07A
0CC
0CC
0CC
0CC
0CC
0CC
0CC
0CC
078
000
000
000
000
060
030
0CC
0CC
0CC
0CC
078
030
030
030
030
078
000
000
000
000
00C
006
07A
0CC
0CC
0CC
0CC
0CC
078
000
000
0FC
000
000
000
000
000
000
000
000
030
030
0FC
030
030
000
000
1FE
000
000
000
000
000
000
000
018
030
060
0C0
060
030
018
000
0FC
000
000
000
000
000
000
000
060
030
018
00C
018
030
060
000
0FC
000
000
000
000
0C6
0C6
038
030
030
030
030
030
030
030
030
078
000
000
000
000
0C6
0C6
000
0CC
0CC
0CC
078
030
030
030
030
078
000
000
000
000
000
000
000
000
030
030
000
0FC
000
030
030
000
000
000
000
000
000
000
000
000
000
0DC
076
000
0DC
076
000
000
000
000
000
000
000
038
06C
06C
038
000
000
000
000
000
000
000
000
000
000
000
000
000
000
000
000
000
000
030
030
000
000
000
000
000
000
000
000
000
000
000
000
000
000
000
030
000
000
000
000
000
000
000
000
1E0
060
060
060
060
060
06E
06C
06C
078
070
000
000
000
000
000
036
06C
06C
06C
06C
06C
000
000
000
000
000
000
000
000
000
000
01C
036
018
00C
026
03E
000
000
000
000
000
000
000
000
000
000
000
000
000
07C
07C
07C
07C
07C
07C
07C
000
000
000
000
000
000
000
000
000
000
000
000
000
000
000
000
000
000
000
000
000
