48 48
1705 ((55*31))
91 90+12/96+92/74
26 26
84 84
73 73
790585 (((((((((((92)+2-68)*42*43)+54*22-92*18))))+17))*17))
11 (11)
2367571 (((((((((((((((((((((((((((53)-71*70+87*68))+44-92-64-46)/28*15*1))/85))-81-4)-12*52/41/72+80+93))+92)/78-70+6+1-90)+82+99-70/2+42)-39+39*99))-48)+100-49)+8-45-35))*52*12)+12))+25)+73*32+96+72)+70))
68 (68)/44*68
50 (50)
38 (((38)))
4794 ((((65+86*56)))-87)
44 44
48 48
7 7
91 ((91))
4158 (((((((100*43)-93))))-83))+34
1096 (56+16*65)
3 3
2 2
116 ((((((((5)*82/99)-63)+78/98))+82+93)))
105 ((79+49*24)/12+41/34)
342 (((16+82+96))-80)*3
468 ((7+11))*26
51 51
64 64
74 (((52*81-79)/91)-97/80+30)
1 ((81))/69
83 83
24 (24)
40 40
36 (36)
92 ((((((((((67+70)))/2)+24))))))
42 (42)
78 78
1417 (((((((((((((13*67-82+14*43)))))))+11)-35))+50)))
275 ((62*17)/3)-76
45 45
39 (39)
4434 (((((((((77*60-90))+35/8)))-100))))
54 54
67 ((67))
86 (86)
4 4
36 36
95 (95)
429 (11*39)
9 9
60 60
